101.16428237494156, 8.046806919121083
101.0827489481066, 7.93430575035063
101.00009350163629, 7.84777933613838
100.9181860682562, 7.74393641888733
100.83590462833101, 7.648751753155679
100.75399719495093, 7.544908835904629
100.58681626928472, 7.415147265077135
100.42075736325387, 7.259410939691444
100.16792893875643, 7.11238896680692
100.00112201963535, 6.973969144460028
99.92071061243573, 6.835493221131369
99.75390369331464, 6.697073398784477
99.67274427302479, 6.575913978494624
99.50518934081347, 6.454810659186535
99.33651238896681, 6.359682094436652
99.08218793828894, 6.247293127629732
98.91388499298738, 6.143506311360449
98.65993454885461, 6.0224590930341275
98.40635811126695, 5.892753623188405
98.06713417484806, 5.745787751285647
97.72791023842919, 5.598821879382889
97.47508181393175, 5.451799906498364
97.13510986442265, 5.322150537634409
96.87928938756428, 5.244394576905094
96.71023842917252, 5.157924263674614
96.45479195885929, 5.0715100514259
96.11444600280507, 4.950518934081346
95.7733520336606, 4.846844319775595
95.34698457223003, 4.71725105189341
95.0915381019168, 4.630836839644694
94.92248714352502, 4.544366526414212
94.66666666666667, 4.466610565684899
94.41159420289856, 4.371538101916784
93.9829827021973, 4.293894343151004
93.81393174380553, 4.207424029920524
93.47208976157084, 4.121065918653576
93.13024777933614, 4.03470780738663
92.78915381019169, 3.93103319308088
92.36091631603554, 3.8447311827956985
92.01907433380086, 3.758373071528752
91.59158485273494, 3.6547545582047687
91.16409537166902, 3.5511360448807863
90.90864890135578, 3.4647218326320703
90.39401589527819, 3.3784759233286583
90.05217391304348, 3.292117812061711
89.79635343618514, 3.214361851332398
89.36774193548388, 3.13671809256662
89.11154745208042, 3.0676203833567084
88.7689574567555, 2.9985787751285646
88.42636746143059, 2.929537166900421
87.99812996727444, 2.843235156615242
87.56914446002807, 2.7742496493688633
87.14128097241704, 2.679289387564283
86.798316970547, 2.61890603085554
86.28368396446939, 2.532660121552128
85.85469845722301, 2.46367461430575
85.42608695652174, 2.3860308555399716
84.99710144927538, 2.3170453482935955
84.48209443665266, 2.239457690509585
83.88031790556336, 2.1705843852267415
83.27854137447406, 2.101711079943899
82.7627863487611, 2.041439925198691
82.3330528284245, 1.9897709209911167
81.81654978962133, 1.9468162692847133
81.47283777466107, 1.9037494156147736
80.78429172510522, 1.8435904628330992
80.18214118747079, 1.783375409069658
79.49359513791492, 1.7232164562879855
78.71902758298272, 1.6544553529686765
77.85806451612905, 1.5857503506311361
77.16914446002806, 1.534249649368864
76.30743338008416, 1.4828611500701263
75.61813931743806, 1.4400187003272555
74.9295932678822, 1.379859747545582
74.32669471715757, 1.336961196820944
73.63740065451148, 1.2941187470780742
72.86208508648903, 1.2426741467975688
72.00037400654513, 1.1912856474988311
70.96587190275832, 1.140009350163628
70.19018232819076, 1.0972230014025248
69.41449275362321, 1.0544366526414213
68.5527816736793, 1.0030481533426836
67.60467508181395, 0.9517157550257132
66.82898550724639, 0.9089294062646096
65.70846189808324, 0.8490509583917722
64.58756428237496, 0.7978307620383358
63.55268817204302, 0.7552127162225344
62.604581580177666, 0.7038803179055635
61.82851799906499, 0.6697522206638613
60.87966339410942, 0.6357363253856936
60.103973819541864, 0.5929499766245905
59.24151472650773, 0.5588779803646564
58.55184665731652, 0.5246937821411874
57.776157082748966, 0.4819074333800839
57.000093501636286, 0.44777933613838217
56.13763440860215, 0.41370733987844766