7.980717852294911, 0.07867116263676177
7.882580354273492, 0.07907215456416111
7.745130298393636, 0.07986838255397322
7.587880066959898, 0.08144932680362427
7.430821697692379, 0.08224747341509858
7.2931797796463025, 0.08382649904308742
7.175242106070999, 0.08501220723032565
7.037696119108033, 0.08619983403922626
6.9197584455327315, 0.0873855422264645
6.791920684180487, 0.08896360854362223
6.673887079522072, 0.09054071554994886
6.5657535626406, 0.0917254644263561
6.428111644594525, 0.09330449005434494
6.290469726548449, 0.09488351568233377
6.182240278583865, 0.09645966337782935
6.054498448314732, 0.09764633087589875
5.926564755879377, 0.09961579601214493
5.788826906750191, 0.101586220459222
5.670793302091778, 0.10316332746554874
5.523155365185652, 0.10552611004254542
5.375613359362635, 0.1074974938004537
5.247583735844171, 0.10985835775578817
5.070341466690331, 0.11300681590345496
4.942407774254976, 0.11497628103970103
4.814282219653402, 0.1177285438141239
4.666644282747275, 0.12009132639112052
4.538710590311921, 0.12206079152736676
4.400876810099625, 0.12442261479353234
4.272751255498051, 0.1271748775679552
4.134629682036427, 0.13071089729138585
4.026016509739405, 0.1338526402632349
3.9273993563024323, 0.1362106262860761
3.8286862717823524, 0.13896001112800566
3.7199771684022203, 0.14249315291894304
3.621072221715921, 0.14602533539904933
3.502175237309517, 0.15112503177717135
3.403270290623216, 0.15465721425727758
3.274665080606092, 0.1593664711271423
3.1856602216967334, 0.16250629547732914
3.0966553627873745, 0.16564611982751593
3.017262798405625, 0.1695677825050484
2.937870234023878, 0.1734894451825809
2.8685696195852914, 0.17623595209201712
2.789177055203541, 0.18015761476954956
2.7294887352925663, 0.18368596000633147
2.6598043965215403, 0.1879980621921212
2.580315901056681, 0.19231112368874204
2.5107274933687647, 0.19623182705544337
2.401538734573083, 0.20172196294182262
2.331950326885167, 0.20564266630852399
2.2623619191972484, 0.20956336967522535
2.1925816493431114, 0.21426687068010342
2.1128053606289243, 0.21975412863398935
2.042833228608568, 0.2252404272770442
1.9828571154482617, 0.22994296897109118
1.8830887890139723, 0.2369977408229928
1.8329168325474976, 0.2416993232062087
1.7823611517485833, 0.24796650086577804
1.7123890197282274, 0.2534527995088329
1.6718293577893637, 0.25893622021939444
1.6216574013228895, 0.2636378026026103
1.5814814637164658, 0.26755562803681837
1.5214094194730503, 0.2726495685499537
1.4807538264510773, 0.27852438807960367
1.4305818699846022, 0.28322597046281955
1.370317963574967, 0.2891027086141317
1.3098621949991127, 0.2957622444036205
1.2692066019771393, 0.3016370639332704
1.2186509211782255, 0.30790424159283974
1.1877994848500832, 0.31377810181165855
1.147047960745001, 0.3200443201603968
1.1165802487492984, 0.32435258510286213
1.0860166056704865, 0.32905224886441586
1.055261100425454, 0.3345347102641463
1.0244096640973122, 0.34040857048296513
0.99365415885228, 0.34589103188269554
0.9628986536072484, 0.35137349328242595
0.932047217279107, 0.35724735350124476
0.9111917998110157, 0.3623374567710557
0.8806281567322034, 0.3670371205326094
0.8697687581241627, 0.3713434668534126
0.8491052028222925, 0.3756507724850468
0.8283457164373114, 0.38034947693576937
0.8078740233016597, 0.38387398492922686
0.7968227625274, 0.3889631288882068
0.7660672572823684, 0.3944455902879372
0.7453077708973868, 0.3991442947386598
