99.54545454545455, 1.1763462873004857
98.63636363636364, 1.171786953504511
97.72727272727273, 1.1672276197085356
96.81818181818183, 1.1638133240804995
95.45454545454545, 1.158119361554476
94.31818181818181, 1.1535652324774461
93.18181818181819, 1.1501561415683552
92.04545454545455, 1.1456020124913255
90.68181818181819, 1.1399080499653018
89.31818181818183, 1.136504163775156
88.18181818181819, 1.1330950728660651
86.5909090909091, 1.1274063150589868
85, 1.1228625954198472
83.63636363636364, 1.1194587092297017
82.27272727272728, 1.116054823039556
80.9090909090909, 1.1115058986814712
79.54545454545455, 1.1081020124913254
78.4090909090909, 1.1046929215822345
77.27272727272728, 1.1024288688410826
76.13636363636364, 1.0990197779319917
75.9090909090909, 1.1562768910478836
74.31818181818181, 1.149443095072866
73.18181818181819, 1.146034004163775
72.27272727272728, 1.143764746703678
70.9090909090909, 1.1392158223455933
69.6590909090909, 1.1346642956280362
67.95454545454547, 1.1289781401804304
66.5909090909091, 1.1267192921582234
65.22727272727273, 1.1233154059680777
63.86363636363637, 1.1187664816099931
62.72727272727273, 1.1153573907009022
61.59090909090909, 1.1130933379597503
60.34090909090909, 1.109686849410132
58.86363636363636, 1.1051405274115198
57.5, 1.101736641221374
57.27272727272727, 1.157848716169327
56.13636363636363, 1.153294587092297
54.77272727272727, 1.1476006245662735
53.18181818181818, 1.140766828591256
51.81818181818182, 1.1362179042331715
50.22727272727273, 1.1305291464260931
48.86363636363636, 1.1248351839000694
47.5, 1.1202862595419847
46.13636363636364, 1.1168823733518392
45, 1.113473282442748
43.86363636363636, 1.111209229701596
42.72727272727272, 1.1089451769604441
41.59090909090909, 1.1055360860513532
40.22727272727272, 1.1032772380291465
40, 1.2177862595419848
39.31818181818181, 1.2132217210270646
38.40909090909092, 1.2063723108952118
37.5, 1.2006679389312978
36.59090909090909, 1.194963566967384
35.68181818181819, 1.188114156835531
34.31818181818183, 1.1789850798056905
33.18181818181819, 1.1721408743927828
32.272727272727266, 1.166436502428869
31.13636363636364, 1.1607373351839
30, 1.1538931297709925
29.090909090909093, 1.1481887578070784
27.954545454545453, 1.1413445523941708
27.045454545454547, 1.1367852185981957
25.909090909090907, 1.129941013185288
24.772727272727266, 1.1230968077723804
23.636363636363654, 1.1185426786953505
22.72727272727272, 1.1128383067314365
21.59090909090908, 1.1071391394864678
20.454545454545453, 1.102585010409438