141.09090909090907, 12.587703118137899
140.84848484848484, 12.30036597862685
140.36363636363635, 11.97931488801054
139.87878787878788, 11.590630947152686
139.63636363636363, 11.168028107158541
138.9090909090909, 10.661089152393501
138.4242424242424, 10.15404772361294
137.6969696969697, 9.816190894451765
136.72727272727272, 9.106455862977603
136.24242424242422, 8.667047284438588
135.5151515151515, 8.295374030156639
135.03030303030303, 7.923598301859171
133.8181818181818, 7.450680720245936
132.6060606060606, 6.943946713511931
131.39393939393938, 6.437212706777924
129.93939393939394, 5.795315473576343
127.75757575757575, 5.153725662421314
126.06060606060605, 4.61338017859757
124.36363636363635, 4.14066754501537
122.66666666666666, 3.837037037037037
120.96969696969695, 3.4657736788171576
119.03030303030302, 3.16224564485434
116.84848484848484, 2.875728297467427
115.15151515151513, 2.622822427170253
113.2121212121212, 2.437651881130141
112, 2.252173913043478
110.3030303030303, 2.0838091055482355
107.63636363636363, 1.8482213438735178
105.45454545454545, 1.6462450592885371
103.75757575757575, 1.5455131020348416
101.33333333333331, 1.3943639291465377
98.90909090909089, 1.2601229688186208
95.75757575757574, 1.0923730054164835
92.84848484848483, 0.9752452056799883
90.18181818181817, 0.8749231444883621
87.03030303030303, 0.7748060313277705
84.6060606060606, 0.6912897086810128
81.93939393939394, 0.6247840726101597
79.51515151515152, 0.5750841750841746
77.57575757575756, 0.5420875420875424
74.66666666666666, 0.47568438003220637
72.24242424242424, 0.4428926950666079
70.30303030303028, 0.4098960620699752
67.39393939393938, 0.3604011125750257
64.96969696969697, 0.31070121504904114
62.06060606060605, 0.29502269067486475
58.42424242424242, 0.262743375786854
55.515151515151516, 0.21324842629190455
52.84848484848483, 0.18055921534182362
50.18181818181819, 0.16477821695213013
47.757575757575765, 0.1488947445469182
45.575757575757564, 0.11600058556580262
43.15151515151513, 0.11702532572097768
40.24242424242422, 0.1013468013468013
37.09090909090909, 0.08577075098814246
34.18181818181816, 0.07009222661396608
31.5151515151515, 0.0712194407846587
29.090909090909093, 0.05533596837944721
26.18181818181816, 0.03965744400527038