12.625269645608627, 0.06909090909090909
12.337134052388288, 0.06909090909090909
11.930303030303028, 0.07090909090909103
11.557370313302515, 0.07272727272727297
11.218284540318436, 0.07636363636363641
10.845351823317923, 0.07818181818181835
10.404622496147919, 0.08000000000000007
9.929892141756547, 0.08545454545454545
9.421366204417053, 0.08727272727272739
8.912737544940933, 0.09272727272727277
8.573703133025164, 0.09454545454545471
7.963328197226501, 0.10181818181818203
7.420749871597328, 0.10909090909090935
6.844375963020031, 0.11272727272727279
6.267950693374422, 0.11818181818181817
5.725269645608629, 0.12909090909090915
5.182588597842834, 0.14000000000000012
4.707652799178222, 0.15272727272727282
4.23271700051361, 0.16545454545454552
3.859476117103235, 0.17818181818181844
3.503184386235232, 0.19090909090909114
3.2146379044684124, 0.20545454545454556
3.0109912686183864, 0.21454545454545482
2.8072419106317406, 0.2272727272727273
2.603543913713405, 0.23818181818181805
2.365793528505392, 0.25454545454545463
2.1279917822290693, 0.27272727272727293
1.941037493579866, 0.290909090909091
1.753980482794042, 0.31272727272727274
1.5499229583975338, 0.3363636363636364
1.3967642526964563, 0.3581818181818184
1.2435028248587563, 0.3836363636363638
1.1411915767847964, 0.4054545454545454
1.004827940421161, 0.43272727272727274
0.9365177195685668, 0.45090909090909104
0.8341037493579861, 0.47636363636363643
0.7657935285053927, 0.4945454545454546
0.6973805855161785, 0.5163636363636362
0.628864920390344, 0.5418181818181819
0.5433487416538263, 0.5690909090909093
0.4917308680020547, 0.5963636363636364
0.44016435541859256, 0.6218181818181818
0.38849512069851055, 0.650909090909091
0.33687724704673805, 0.6781818181818182
0.3021571648690289, 0.7072727272727273
0.26753980482794004, 0.7327272727272727
0.21587057010785804, 0.761818181818182
0.1983564458140723, 0.7818181818181819
0.1637390857729839, 0.8072727272727274
0.14596815613764758, 0.8363636363636364
0.11129943502824835, 0.8636363636363638
0.0935798664612224, 0.890909090909091
0.05896250642013312, 0.9163636363636364
0.024345146379044724, 0.9418181818181819
0.00667693888032872, 0.9672727272727273
0.000145865434000772, 1