1.4514721485411142, 0.4310344827586206
1.4399549071618039, 0.42643678160919535
1.4249787798408489, 0.4212643678160919
1.4134641909814323, 0.41609195402298843
1.3996419098143236, 0.41091954022988497
1.3881273209549072, 0.40574712643678157
1.3800689655172413, 0.40172413793103445
1.368549071618037, 0.3977011494252873
1.358185676392573, 0.393103448275862
1.3466684350132625, 0.3885057471264367
1.3374615384615385, 0.3833333333333333
1.3294031830238726, 0.3793103448275862
1.3201936339522546, 0.3747126436781608
1.3132917771883288, 0.37011494252873556
1.305236074270557, 0.3655172413793103
1.296026525198939, 0.360919540229885
1.2879655172413793, 0.35747126436781607
1.2787559681697613, 0.35287356321839075
1.2695464190981434, 0.34827586206896544
1.263793103448276, 0.34482758620689646
1.2534350132625995, 0.3390804597701149
1.246533156498674, 0.3344827586206896
1.2384827586206897, 0.328735632183908
1.231580901856764, 0.32413793103448274
1.2246737400530505, 0.32068965517241377
1.2177771883289126, 0.3149425287356321
1.2108753315649867, 0.31034482758620685
1.2039787798408488, 0.3045977011494252
1.1970822281167108, 0.29885057471264365
1.1901856763925729, 0.293103448275862
1.1832838196286473, 0.28850574712643673
1.1763872679045093, 0.2827586206896551
1.169496021220159, 0.27586206896551724
1.1603103448275862, 0.26609195402298846
1.1545729442970822, 0.2591954022988505
1.1488355437665783, 0.25229885057471263
1.141946949602122, 0.24482758620689649
1.132763925729443, 0.23448275862068957
1.1270318302387268, 0.22643678160919534
1.1144137931034483, 0.21034482758620687
1.1075437665782493, 0.1988505747126436
1.098366047745358, 0.1873563218390804
1.0914827586206897, 0.17873563218390798
1.0846100795755969, 0.16781609195402297
1.0765915119363396, 0.15517241379310343
1.0708541114058354, 0.14827586206896548
1.0674244031830238, 0.14137931034482754
1.0616976127320954, 0.13218390804597696
1.0536737400530505, 0.12068965517241381
1.0502440318302386, 0.11379310344827581
1.0433740053050398, 0.10229885057471261
1.0376472148541114, 0.09310344827586203
1.033079575596817, 0.08275862068965512
1.029655172413793, 0.07471264367816083
1.0262254641909814, 0.06781609195402294
1.0216472148541114, 0.05977011494252871
1.0170742705570293, 0.05057471264367813
1.0136498673740053, 0.0425287356321839
1.0090716180371353, 0.034482758620689724
1.0044827586206897, 0.02873563218390801
1.0021962864721485, 0.02413793103448275
